o1 8.042896
line1: 10.004+10.004i,12.840+10.004i
line2: 12.840+10.004i,12.840+12.840i
line3: 12.840+12.840i,10.004+12.840i
line4: 10.004+12.840i,10.004+10.004i
o2 8.042896
line1: 14.254+10.004i,17.090+10.004i
line2: 17.090+10.004i,17.090+12.840i
line3: 17.090+12.840i,14.254+12.840i
line4: 14.254+12.840i,14.254+10.004i
o3 0.356776
line1: 12.273+11.352i,14.821+11.352i
line2: 14.821+11.352i,14.821+11.492i
line3: 14.821+11.492i,12.273+11.492i
line4: 12.273+11.492i,12.273+11.352i
