o1 8.042896
line1: 10.004+10.004i,12.840+10.004i
line2: 12.840+10.004i,12.840+12.840i
line3: 12.840+12.840i,10.004+12.840i
line4: 10.004+12.840i,10.004+10.004i
o2 8.031552
line1: 19.926+10.004i,22.758+10.004i
line2: 22.758+10.004i,22.758+12.840i
line3: 22.758+12.840i,19.926+12.840i
line4: 19.926+12.840i,19.926+10.004i
o3 1.150744
line1: 12.273+11.352i,20.492+11.352i
line2: 20.492+11.352i,20.492+11.492i
line3: 20.492+11.492i,12.273+11.492i
line4: 12.273+11.492i,12.273+11.352i
